INFO: 2024-02-03 22:50:26,765: Data
INFO: 2024-02-03 22:50:26,766: Data shape (110527, 14)
INFO: 2024-02-03 22:50:26,778: Percentage of women: 0.653882342398853
INFO: 2024-02-03 22:50:26,789: Percentage of men: 0.346117657601147
ERROR: 2024-02-03 22:50:26,795: Data shape is incorrect!
